blad lin. 0.2
camera matrix
1081.619055 0.000000 646.306939
0.000000 1069.746563 514.349920
0.000000 0.000000 1.000000

distortion
-0.356669 0.083466 -0.006287 -0.002755 0.000000

rectification
1.000000 0.000000 0.000000
0.000000 1.000000 0.000000
0.000000 0.000000 1.000000

projection
908.153748 0.000000 638.338393 0.000000
0.000000 967.168701 506.362186 0.000000
0.000000 0.000000 1.000000 0.000000


blad 0.13
camera matrix
865.165673 0.000000 617.319413
0.000000 861.282276 510.319369
0.000000 0.000000 1.000000

distortion
-0.276026 0.066206 0.010329 0.002313 0.000000

rectification
1.000000 0.000000 0.000000
0.000000 1.000000 0.000000
0.000000 0.000000 1.000000

projection
703.814758 0.000000 608.809631 0.000000
0.000000 763.262146 523.807369 0.000000
0.000000 0.000000 1.000000 0.000000

blad 0.14
camera matrix
907.675968 0.000000 637.814101
0.000000 899.770723 522.431863
0.000000 0.000000 1.000000

distortion
-0.307252 0.088596 -0.000255 0.004704 0.000000

rectification
1.000000 0.000000 0.000000
0.000000 1.000000 0.000000
0.000000 0.000000 1.000000

projection
741.577087 0.000000 646.695737 0.000000
0.000000 797.458862 523.362561 0.000000
0.000000 0.000000 1.000000 0.000000
